{
 "cells": [
  {
   "cell_type": "markdown",
   "id": "0ef593bb",
   "metadata": {},
   "source": [
    "# DSC540 Final Project"
   ]
  },
  {
   "cell_type": "markdown",
   "id": "26ac1bf4",
   "metadata": {},
   "source": [
    "#### Aaron Gregory"
   ]
  },
  {
   "cell_type": "markdown",
   "id": "38bcfea4",
   "metadata": {},
   "source": [
    "The goal of this project is to create a model using NFL box score data from 2017-2021 to predict how much a team scores in a given game. This can then be leveraged for betting purposes or to see what areas of a game impact scoring the most. I scraped the box score data from https://www.pro-football-reference.com/ and saved it into a CSV previously. The data includes lots of raw counting statistics like total yards opponent's turnovers 1st downs etc. The data set also includes some more advanced metrics like offensive, deffensive and special teams efficency which do a better job looking at the play to play success of a team.\n",
    "\n",
    "Trying to model scores of these games is inherently dificult do to the randomness of a game that is not always able to be captured in a box score. If a team has a great drive but has a turnover right before the endzone the box score will probably look good even though the team didn't score. For that purpose I tried to lessen the impact of the outliers as it is more important to have our model be good for the large chunk of the bell curve and not the extreams."
   ]
  },
  {
   "cell_type": "code",
   "execution_count": 9,
   "id": "5331caff",
   "metadata": {},
   "outputs": [],
   "source": [
    "import pandas as pd\n",
    "import numpy as np\n",
    "import matplotlib.pyplot as plt\n",
    "import seaborn as sns\n",
    "from sklearn import metrics\n",
    "from sklearn.model_selection import train_test_split\n",
    "from sklearn.preprocessing import StandardScaler\n",
    "from sklearn.model_selection import GridSearchCV\n",
    "import warnings\n",
    "warnings.filterwarnings('ignore')"
   ]
  },
  {
   "cell_type": "code",
   "execution_count": 53,
   "id": "51bed195",
   "metadata": {},
   "outputs": [
    {
     "data": {
      "text/html": [
       "<div>\n",
       "<style scoped>\n",
       "    .dataframe tbody tr th:only-of-type {\n",
       "        vertical-align: middle;\n",
       "    }\n",
       "\n",
       "    .dataframe tbody tr th {\n",
       "        vertical-align: top;\n",
       "    }\n",
       "\n",
       "    .dataframe thead th {\n",
       "        text-align: right;\n",
       "    }\n",
       "</style>\n",
       "<table border=\"1\" class=\"dataframe\">\n",
       "  <thead>\n",
       "    <tr style=\"text-align: right;\">\n",
       "      <th></th>\n",
       "      <th>Offense</th>\n",
       "      <th>Defense</th>\n",
       "      <th>Tm</th>\n",
       "      <th>OppScore</th>\n",
       "      <th>Sp. Tms</th>\n",
       "      <th>TO</th>\n",
       "      <th>1stD</th>\n",
       "      <th>TotYd</th>\n",
       "      <th>PassY</th>\n",
       "      <th>RushY</th>\n",
       "      <th>Opp1stD</th>\n",
       "      <th>OppTotYd</th>\n",
       "      <th>OppPassY</th>\n",
       "      <th>OppRushY</th>\n",
       "      <th>OppTO</th>\n",
       "      <th>Opp</th>\n",
       "      <th>Team</th>\n",
       "    </tr>\n",
       "  </thead>\n",
       "  <tbody>\n",
       "    <tr>\n",
       "      <th>0</th>\n",
       "      <td>-7.26</td>\n",
       "      <td>3.11</td>\n",
       "      <td>12.0</td>\n",
       "      <td>18.0</td>\n",
       "      <td>2.58</td>\n",
       "      <td>1.0</td>\n",
       "      <td>16.0</td>\n",
       "      <td>299.0</td>\n",
       "      <td>225.0</td>\n",
       "      <td>74.0</td>\n",
       "      <td>18.0</td>\n",
       "      <td>232.0</td>\n",
       "      <td>119.0</td>\n",
       "      <td>113.0</td>\n",
       "      <td>2.0</td>\n",
       "      <td>Philadelphia Eagles</td>\n",
       "      <td>atl</td>\n",
       "    </tr>\n",
       "    <tr>\n",
       "      <th>1</th>\n",
       "      <td>22.04</td>\n",
       "      <td>-12.68</td>\n",
       "      <td>31.0</td>\n",
       "      <td>24.0</td>\n",
       "      <td>-4.66</td>\n",
       "      <td>1.0</td>\n",
       "      <td>23.0</td>\n",
       "      <td>442.0</td>\n",
       "      <td>272.0</td>\n",
       "      <td>170.0</td>\n",
       "      <td>27.0</td>\n",
       "      <td>439.0</td>\n",
       "      <td>318.0</td>\n",
       "      <td>121.0</td>\n",
       "      <td>1.0</td>\n",
       "      <td>Carolina Panthers</td>\n",
       "      <td>atl</td>\n",
       "    </tr>\n",
       "    <tr>\n",
       "      <th>2</th>\n",
       "      <td>20.31</td>\n",
       "      <td>-26.85</td>\n",
       "      <td>37.0</td>\n",
       "      <td>43.0</td>\n",
       "      <td>0.47</td>\n",
       "      <td>0.0</td>\n",
       "      <td>24.0</td>\n",
       "      <td>407.0</td>\n",
       "      <td>359.0</td>\n",
       "      <td>48.0</td>\n",
       "      <td>32.0</td>\n",
       "      <td>534.0</td>\n",
       "      <td>391.0</td>\n",
       "      <td>143.0</td>\n",
       "      <td>0.0</td>\n",
       "      <td>New Orleans Saints</td>\n",
       "      <td>atl</td>\n",
       "    </tr>\n",
       "    <tr>\n",
       "      <th>3</th>\n",
       "      <td>24.63</td>\n",
       "      <td>-22.54</td>\n",
       "      <td>36.0</td>\n",
       "      <td>37.0</td>\n",
       "      <td>1.75</td>\n",
       "      <td>0.0</td>\n",
       "      <td>25.0</td>\n",
       "      <td>495.0</td>\n",
       "      <td>403.0</td>\n",
       "      <td>92.0</td>\n",
       "      <td>30.0</td>\n",
       "      <td>407.0</td>\n",
       "      <td>308.0</td>\n",
       "      <td>99.0</td>\n",
       "      <td>1.0</td>\n",
       "      <td>Cincinnati Bengals</td>\n",
       "      <td>atl</td>\n",
       "    </tr>\n",
       "    <tr>\n",
       "      <th>4</th>\n",
       "      <td>-1.13</td>\n",
       "      <td>-20.96</td>\n",
       "      <td>17.0</td>\n",
       "      <td>41.0</td>\n",
       "      <td>-0.44</td>\n",
       "      <td>1.0</td>\n",
       "      <td>22.0</td>\n",
       "      <td>324.0</td>\n",
       "      <td>262.0</td>\n",
       "      <td>62.0</td>\n",
       "      <td>22.0</td>\n",
       "      <td>381.0</td>\n",
       "      <td>250.0</td>\n",
       "      <td>131.0</td>\n",
       "      <td>1.0</td>\n",
       "      <td>Pittsburgh Steelers</td>\n",
       "      <td>atl</td>\n",
       "    </tr>\n",
       "  </tbody>\n",
       "</table>\n",
       "</div>"
      ],
      "text/plain": [
       "   Offense  Defense    Tm  OppScore  Sp. Tms   TO  1stD  TotYd  PassY  RushY  \\\n",
       "0    -7.26     3.11  12.0      18.0     2.58  1.0  16.0  299.0  225.0   74.0   \n",
       "1    22.04   -12.68  31.0      24.0    -4.66  1.0  23.0  442.0  272.0  170.0   \n",
       "2    20.31   -26.85  37.0      43.0     0.47  0.0  24.0  407.0  359.0   48.0   \n",
       "3    24.63   -22.54  36.0      37.0     1.75  0.0  25.0  495.0  403.0   92.0   \n",
       "4    -1.13   -20.96  17.0      41.0    -0.44  1.0  22.0  324.0  262.0   62.0   \n",
       "\n",
       "   Opp1stD  OppTotYd  OppPassY  OppRushY  OppTO                  Opp Team  \n",
       "0     18.0     232.0     119.0     113.0    2.0  Philadelphia Eagles  atl  \n",
       "1     27.0     439.0     318.0     121.0    1.0    Carolina Panthers  atl  \n",
       "2     32.0     534.0     391.0     143.0    0.0   New Orleans Saints  atl  \n",
       "3     30.0     407.0     308.0      99.0    1.0   Cincinnati Bengals  atl  \n",
       "4     22.0     381.0     250.0     131.0    1.0  Pittsburgh Steelers  atl  "
      ]
     },
     "execution_count": 53,
     "metadata": {},
     "output_type": "execute_result"
    }
   ],
   "source": [
    "df = pd.read_csv('NFL_boxscores_2018_2022.csv',sep=\"\\t\")\n",
    "df = df.drop(\"Unnamed: 0\",axis=1)\n",
    "df.head()"
   ]
  },
  {
   "cell_type": "code",
   "execution_count": 54,
   "id": "8061e63e",
   "metadata": {},
   "outputs": [
    {
     "data": {
      "text/plain": [
       "Offense     0\n",
       "Defense     0\n",
       "Tm          0\n",
       "OppScore    0\n",
       "Sp. Tms     0\n",
       "TO          0\n",
       "1stD        0\n",
       "TotYd       0\n",
       "PassY       0\n",
       "RushY       0\n",
       "Opp1stD     0\n",
       "OppTotYd    0\n",
       "OppPassY    0\n",
       "OppRushY    0\n",
       "OppTO       0\n",
       "Opp         0\n",
       "Team        0\n",
       "dtype: int64"
      ]
     },
     "execution_count": 54,
     "metadata": {},
     "output_type": "execute_result"
    }
   ],
   "source": [
    "#There are no missing data\n",
    "df.isnull().sum()"
   ]
  },
  {
   "cell_type": "code",
   "execution_count": 55,
   "id": "8c0e9d2b",
   "metadata": {},
   "outputs": [
    {
     "name": "stdout",
     "output_type": "stream",
     "text": [
      "AxesSubplot(0.125,0.125;0.62x0.755)\n"
     ]
    },
    {
     "data": {
      "text/html": [
       "<div>\n",
       "<style scoped>\n",
       "    .dataframe tbody tr th:only-of-type {\n",
       "        vertical-align: middle;\n",
       "    }\n",
       "\n",
       "    .dataframe tbody tr th {\n",
       "        vertical-align: top;\n",
       "    }\n",
       "\n",
       "    .dataframe thead th {\n",
       "        text-align: right;\n",
       "    }\n",
       "</style>\n",
       "<table border=\"1\" class=\"dataframe\">\n",
       "  <thead>\n",
       "    <tr style=\"text-align: right;\">\n",
       "      <th></th>\n",
       "      <th>Offense</th>\n",
       "      <th>Defense</th>\n",
       "      <th>Tm</th>\n",
       "      <th>OppScore</th>\n",
       "      <th>Sp. Tms</th>\n",
       "      <th>TO</th>\n",
       "      <th>1stD</th>\n",
       "      <th>TotYd</th>\n",
       "      <th>PassY</th>\n",
       "      <th>RushY</th>\n",
       "      <th>Opp1stD</th>\n",
       "      <th>OppTotYd</th>\n",
       "      <th>OppPassY</th>\n",
       "      <th>OppRushY</th>\n",
       "      <th>OppTO</th>\n",
       "    </tr>\n",
       "  </thead>\n",
       "  <tbody>\n",
       "    <tr>\n",
       "      <th>Offense</th>\n",
       "      <td>1.000000</td>\n",
       "      <td>-0.115324</td>\n",
       "      <td>0.800096</td>\n",
       "      <td>-0.097135</td>\n",
       "      <td>-0.294530</td>\n",
       "      <td>-0.458921</td>\n",
       "      <td>0.690294</td>\n",
       "      <td>0.737889</td>\n",
       "      <td>0.530928</td>\n",
       "      <td>0.393341</td>\n",
       "      <td>0.095060</td>\n",
       "      <td>0.069500</td>\n",
       "      <td>0.187832</td>\n",
       "      <td>-0.171287</td>\n",
       "      <td>0.040467</td>\n",
       "    </tr>\n",
       "    <tr>\n",
       "      <th>Defense</th>\n",
       "      <td>-0.115324</td>\n",
       "      <td>1.000000</td>\n",
       "      <td>0.097135</td>\n",
       "      <td>-0.800096</td>\n",
       "      <td>-0.294530</td>\n",
       "      <td>-0.040467</td>\n",
       "      <td>-0.095060</td>\n",
       "      <td>-0.069500</td>\n",
       "      <td>-0.187832</td>\n",
       "      <td>0.171287</td>\n",
       "      <td>-0.690294</td>\n",
       "      <td>-0.737889</td>\n",
       "      <td>-0.530928</td>\n",
       "      <td>-0.393341</td>\n",
       "      <td>0.458921</td>\n",
       "    </tr>\n",
       "    <tr>\n",
       "      <th>Tm</th>\n",
       "      <td>0.800096</td>\n",
       "      <td>0.097135</td>\n",
       "      <td>1.000000</td>\n",
       "      <td>-0.022330</td>\n",
       "      <td>-0.115333</td>\n",
       "      <td>-0.296311</td>\n",
       "      <td>0.589876</td>\n",
       "      <td>0.652176</td>\n",
       "      <td>0.447024</td>\n",
       "      <td>0.381256</td>\n",
       "      <td>0.060381</td>\n",
       "      <td>0.058888</td>\n",
       "      <td>0.198171</td>\n",
       "      <td>-0.204114</td>\n",
       "      <td>0.308455</td>\n",
       "    </tr>\n",
       "    <tr>\n",
       "      <th>OppScore</th>\n",
       "      <td>-0.097135</td>\n",
       "      <td>-0.800096</td>\n",
       "      <td>-0.022330</td>\n",
       "      <td>1.000000</td>\n",
       "      <td>0.115333</td>\n",
       "      <td>0.308455</td>\n",
       "      <td>0.060381</td>\n",
       "      <td>0.058888</td>\n",
       "      <td>0.198171</td>\n",
       "      <td>-0.204114</td>\n",
       "      <td>0.589876</td>\n",
       "      <td>0.652176</td>\n",
       "      <td>0.447024</td>\n",
       "      <td>0.381256</td>\n",
       "      <td>-0.296311</td>\n",
       "    </tr>\n",
       "    <tr>\n",
       "      <th>Sp. Tms</th>\n",
       "      <td>-0.294530</td>\n",
       "      <td>-0.294530</td>\n",
       "      <td>-0.115333</td>\n",
       "      <td>0.115333</td>\n",
       "      <td>1.000000</td>\n",
       "      <td>-0.001353</td>\n",
       "      <td>-0.320264</td>\n",
       "      <td>-0.360283</td>\n",
       "      <td>-0.284271</td>\n",
       "      <td>-0.154205</td>\n",
       "      <td>0.320264</td>\n",
       "      <td>0.360283</td>\n",
       "      <td>0.284271</td>\n",
       "      <td>0.154205</td>\n",
       "      <td>0.001353</td>\n",
       "    </tr>\n",
       "    <tr>\n",
       "      <th>TO</th>\n",
       "      <td>-0.458921</td>\n",
       "      <td>-0.040467</td>\n",
       "      <td>-0.296311</td>\n",
       "      <td>0.308455</td>\n",
       "      <td>-0.001353</td>\n",
       "      <td>1.000000</td>\n",
       "      <td>-0.052077</td>\n",
       "      <td>-0.050459</td>\n",
       "      <td>0.045651</td>\n",
       "      <td>-0.150783</td>\n",
       "      <td>-0.029859</td>\n",
       "      <td>-0.023680</td>\n",
       "      <td>-0.103685</td>\n",
       "      <td>0.118351</td>\n",
       "      <td>-0.108985</td>\n",
       "    </tr>\n",
       "    <tr>\n",
       "      <th>1stD</th>\n",
       "      <td>0.690294</td>\n",
       "      <td>-0.095060</td>\n",
       "      <td>0.589876</td>\n",
       "      <td>0.060381</td>\n",
       "      <td>-0.320264</td>\n",
       "      <td>-0.052077</td>\n",
       "      <td>1.000000</td>\n",
       "      <td>0.802428</td>\n",
       "      <td>0.623980</td>\n",
       "      <td>0.357282</td>\n",
       "      <td>-0.089673</td>\n",
       "      <td>-0.043247</td>\n",
       "      <td>0.065023</td>\n",
       "      <td>-0.168378</td>\n",
       "      <td>-0.029859</td>\n",
       "    </tr>\n",
       "    <tr>\n",
       "      <th>TotYd</th>\n",
       "      <td>0.737889</td>\n",
       "      <td>-0.069500</td>\n",
       "      <td>0.652176</td>\n",
       "      <td>0.058888</td>\n",
       "      <td>-0.360283</td>\n",
       "      <td>-0.050459</td>\n",
       "      <td>0.802428</td>\n",
       "      <td>1.000000</td>\n",
       "      <td>0.798332</td>\n",
       "      <td>0.413936</td>\n",
       "      <td>-0.043247</td>\n",
       "      <td>0.006310</td>\n",
       "      <td>0.119809</td>\n",
       "      <td>-0.170876</td>\n",
       "      <td>-0.023680</td>\n",
       "    </tr>\n",
       "    <tr>\n",
       "      <th>PassY</th>\n",
       "      <td>0.530928</td>\n",
       "      <td>-0.187832</td>\n",
       "      <td>0.447024</td>\n",
       "      <td>0.198171</td>\n",
       "      <td>-0.284271</td>\n",
       "      <td>0.045651</td>\n",
       "      <td>0.623980</td>\n",
       "      <td>0.798332</td>\n",
       "      <td>1.000000</td>\n",
       "      <td>-0.217744</td>\n",
       "      <td>0.065023</td>\n",
       "      <td>0.119809</td>\n",
       "      <td>0.153644</td>\n",
       "      <td>-0.038073</td>\n",
       "      <td>-0.103685</td>\n",
       "    </tr>\n",
       "    <tr>\n",
       "      <th>RushY</th>\n",
       "      <td>0.393341</td>\n",
       "      <td>0.171287</td>\n",
       "      <td>0.381256</td>\n",
       "      <td>-0.204114</td>\n",
       "      <td>-0.154205</td>\n",
       "      <td>-0.150783</td>\n",
       "      <td>0.357282</td>\n",
       "      <td>0.413936</td>\n",
       "      <td>-0.217744</td>\n",
       "      <td>1.000000</td>\n",
       "      <td>-0.168378</td>\n",
       "      <td>-0.170876</td>\n",
       "      <td>-0.038073</td>\n",
       "      <td>-0.219385</td>\n",
       "      <td>0.118351</td>\n",
       "    </tr>\n",
       "    <tr>\n",
       "      <th>Opp1stD</th>\n",
       "      <td>0.095060</td>\n",
       "      <td>-0.690294</td>\n",
       "      <td>0.060381</td>\n",
       "      <td>0.589876</td>\n",
       "      <td>0.320264</td>\n",
       "      <td>-0.029859</td>\n",
       "      <td>-0.089673</td>\n",
       "      <td>-0.043247</td>\n",
       "      <td>0.065023</td>\n",
       "      <td>-0.168378</td>\n",
       "      <td>1.000000</td>\n",
       "      <td>0.802428</td>\n",
       "      <td>0.623980</td>\n",
       "      <td>0.357282</td>\n",
       "      <td>-0.052077</td>\n",
       "    </tr>\n",
       "    <tr>\n",
       "      <th>OppTotYd</th>\n",
       "      <td>0.069500</td>\n",
       "      <td>-0.737889</td>\n",
       "      <td>0.058888</td>\n",
       "      <td>0.652176</td>\n",
       "      <td>0.360283</td>\n",
       "      <td>-0.023680</td>\n",
       "      <td>-0.043247</td>\n",
       "      <td>0.006310</td>\n",
       "      <td>0.119809</td>\n",
       "      <td>-0.170876</td>\n",
       "      <td>0.802428</td>\n",
       "      <td>1.000000</td>\n",
       "      <td>0.798332</td>\n",
       "      <td>0.413936</td>\n",
       "      <td>-0.050459</td>\n",
       "    </tr>\n",
       "    <tr>\n",
       "      <th>OppPassY</th>\n",
       "      <td>0.187832</td>\n",
       "      <td>-0.530928</td>\n",
       "      <td>0.198171</td>\n",
       "      <td>0.447024</td>\n",
       "      <td>0.284271</td>\n",
       "      <td>-0.103685</td>\n",
       "      <td>0.065023</td>\n",
       "      <td>0.119809</td>\n",
       "      <td>0.153644</td>\n",
       "      <td>-0.038073</td>\n",
       "      <td>0.623980</td>\n",
       "      <td>0.798332</td>\n",
       "      <td>1.000000</td>\n",
       "      <td>-0.217744</td>\n",
       "      <td>0.045651</td>\n",
       "    </tr>\n",
       "    <tr>\n",
       "      <th>OppRushY</th>\n",
       "      <td>-0.171287</td>\n",
       "      <td>-0.393341</td>\n",
       "      <td>-0.204114</td>\n",
       "      <td>0.381256</td>\n",
       "      <td>0.154205</td>\n",
       "      <td>0.118351</td>\n",
       "      <td>-0.168378</td>\n",
       "      <td>-0.170876</td>\n",
       "      <td>-0.038073</td>\n",
       "      <td>-0.219385</td>\n",
       "      <td>0.357282</td>\n",
       "      <td>0.413936</td>\n",
       "      <td>-0.217744</td>\n",
       "      <td>1.000000</td>\n",
       "      <td>-0.150783</td>\n",
       "    </tr>\n",
       "    <tr>\n",
       "      <th>OppTO</th>\n",
       "      <td>0.040467</td>\n",
       "      <td>0.458921</td>\n",
       "      <td>0.308455</td>\n",
       "      <td>-0.296311</td>\n",
       "      <td>0.001353</td>\n",
       "      <td>-0.108985</td>\n",
       "      <td>-0.029859</td>\n",
       "      <td>-0.023680</td>\n",
       "      <td>-0.103685</td>\n",
       "      <td>0.118351</td>\n",
       "      <td>-0.052077</td>\n",
       "      <td>-0.050459</td>\n",
       "      <td>0.045651</td>\n",
       "      <td>-0.150783</td>\n",
       "      <td>1.000000</td>\n",
       "    </tr>\n",
       "  </tbody>\n",
       "</table>\n",
       "</div>"
      ],
      "text/plain": [
       "           Offense   Defense        Tm  OppScore   Sp. Tms        TO  \\\n",
       "Offense   1.000000 -0.115324  0.800096 -0.097135 -0.294530 -0.458921   \n",
       "Defense  -0.115324  1.000000  0.097135 -0.800096 -0.294530 -0.040467   \n",
       "Tm        0.800096  0.097135  1.000000 -0.022330 -0.115333 -0.296311   \n",
       "OppScore -0.097135 -0.800096 -0.022330  1.000000  0.115333  0.308455   \n",
       "Sp. Tms  -0.294530 -0.294530 -0.115333  0.115333  1.000000 -0.001353   \n",
       "TO       -0.458921 -0.040467 -0.296311  0.308455 -0.001353  1.000000   \n",
       "1stD      0.690294 -0.095060  0.589876  0.060381 -0.320264 -0.052077   \n",
       "TotYd     0.737889 -0.069500  0.652176  0.058888 -0.360283 -0.050459   \n",
       "PassY     0.530928 -0.187832  0.447024  0.198171 -0.284271  0.045651   \n",
       "RushY     0.393341  0.171287  0.381256 -0.204114 -0.154205 -0.150783   \n",
       "Opp1stD   0.095060 -0.690294  0.060381  0.589876  0.320264 -0.029859   \n",
       "OppTotYd  0.069500 -0.737889  0.058888  0.652176  0.360283 -0.023680   \n",
       "OppPassY  0.187832 -0.530928  0.198171  0.447024  0.284271 -0.103685   \n",
       "OppRushY -0.171287 -0.393341 -0.204114  0.381256  0.154205  0.118351   \n",
       "OppTO     0.040467  0.458921  0.308455 -0.296311  0.001353 -0.108985   \n",
       "\n",
       "              1stD     TotYd     PassY     RushY   Opp1stD  OppTotYd  \\\n",
       "Offense   0.690294  0.737889  0.530928  0.393341  0.095060  0.069500   \n",
       "Defense  -0.095060 -0.069500 -0.187832  0.171287 -0.690294 -0.737889   \n",
       "Tm        0.589876  0.652176  0.447024  0.381256  0.060381  0.058888   \n",
       "OppScore  0.060381  0.058888  0.198171 -0.204114  0.589876  0.652176   \n",
       "Sp. Tms  -0.320264 -0.360283 -0.284271 -0.154205  0.320264  0.360283   \n",
       "TO       -0.052077 -0.050459  0.045651 -0.150783 -0.029859 -0.023680   \n",
       "1stD      1.000000  0.802428  0.623980  0.357282 -0.089673 -0.043247   \n",
       "TotYd     0.802428  1.000000  0.798332  0.413936 -0.043247  0.006310   \n",
       "PassY     0.623980  0.798332  1.000000 -0.217744  0.065023  0.119809   \n",
       "RushY     0.357282  0.413936 -0.217744  1.000000 -0.168378 -0.170876   \n",
       "Opp1stD  -0.089673 -0.043247  0.065023 -0.168378  1.000000  0.802428   \n",
       "OppTotYd -0.043247  0.006310  0.119809 -0.170876  0.802428  1.000000   \n",
       "OppPassY  0.065023  0.119809  0.153644 -0.038073  0.623980  0.798332   \n",
       "OppRushY -0.168378 -0.170876 -0.038073 -0.219385  0.357282  0.413936   \n",
       "OppTO    -0.029859 -0.023680 -0.103685  0.118351 -0.052077 -0.050459   \n",
       "\n",
       "          OppPassY  OppRushY     OppTO  \n",
       "Offense   0.187832 -0.171287  0.040467  \n",
       "Defense  -0.530928 -0.393341  0.458921  \n",
       "Tm        0.198171 -0.204114  0.308455  \n",
       "OppScore  0.447024  0.381256 -0.296311  \n",
       "Sp. Tms   0.284271  0.154205  0.001353  \n",
       "TO       -0.103685  0.118351 -0.108985  \n",
       "1stD      0.065023 -0.168378 -0.029859  \n",
       "TotYd     0.119809 -0.170876 -0.023680  \n",
       "PassY     0.153644 -0.038073 -0.103685  \n",
       "RushY    -0.038073 -0.219385  0.118351  \n",
       "Opp1stD   0.623980  0.357282 -0.052077  \n",
       "OppTotYd  0.798332  0.413936 -0.050459  \n",
       "OppPassY  1.000000 -0.217744  0.045651  \n",
       "OppRushY -0.217744  1.000000 -0.150783  \n",
       "OppTO     0.045651 -0.150783  1.000000  "
      ]
     },
     "execution_count": 55,
     "metadata": {},
     "output_type": "execute_result"
    },
    {
     "data": {
